0000000000000000000000000000000000000000000000000000000000000000000000000000000000000000000000000000000000000000000000000000000
0000000000000000000000000000000000000000000000000000000000000000000000000000000000000000000000000000000000000000000000000000000
0000000000000000000000000000000000000000000000000000000000000000000000000000000000000000000000000000000000000000000000000000000
0000000000000000000000000000000000000000000000000000000000000000000000000000000000000000000000000000000000000000000000000000000
0000000000000000000000000000000000000000000000000000000000000000000000000000000000000000000000000000000000000000000000000000000
0000000000000000000000000000000000000000000000000000000000000000000000000000000000000000000000000000000000000000000000000000000
0000000000000000000000000000000000000000000000000000000000000000000000000000000000000000000000000000000000000000000000000000000
0000000000000000000000000000000000000000000000000000000000000000000000000000000000000000000000000000000000000000000000000000000
0000000000000000000000000000000000000000000000000000000000000000000000000000000000000000000000000000000000000000000000000000000
0000000000000000000000000000000000000000000000000000000000000000000000000000000000000000000000000000000000000000000000000000000
0000000000000000000000000000000000000000000000000000000000000000000000000000000000000000000000000000000000000000000000000000000
0000000000000000000000000000000000000000000000000000000000000000000000000000000000000000000000000000000000000000000000000000000
0000000000000000000000000000000000000000000000000000000000000000000000000000000000000000000000000000000000000000000000000000000
0000000000000000000000000000000000000000000000000000000000000000000000000000000000000000000000000000000000000000000000000000000
0000000000000000000000000000000000000000000000000000000000000000000000000000000000000000000000000000000000000000000000000000000
0000000000000000000000000000000000000000000000000000000000000000000000000000000000000000000000000000000000000000000000000000000
0000000000000000000000000000000000000000000000000000000000000000000000000000000000000000000000000000000000000000000000000000000
1111111111111111111111111111111111111111111111111111111111111111111111111111111111111111111111111111111111111111111111111111111
1111111111111111111111111111111111111111111111111111111111111111111111111111111111111111111111111111111111111111111111111111111
1111111111111111111111111111111111111111111111111111111111111111111111111111111111111111111111111111111111111111111111111111111
2222222222222222222244444444422222222222222333333333333333333333333333333333333333333333333333333333333222222222444444444444222
4444444442222222244444442222222223333333333333333333333333333333333333333333333333333333333333333333333333333222222444442244444
4444444444422222444222222223333333333333333333333333333333333333333333333333333333333333333333333333333333333333333222444222222
2222222224442222244422223333333333333333333333333333333333333333333333333333333333333333333333333333333333333333333332224444444
2222224444444222222442333333333333333333333333333333333333333333333333333333333333333333333333333333333333333333333333322222444
4444444444222222222222333333333333333333333333333333333333333333333333333333333333333333333333333333333333333333333333333222222
2222222222444444444444222333333333333333333333333333333333333333333333333333333333333333333333333333333333333333333333333332222
4444444444442222444442222233333333333333333333333333333333333333333333333333333333333333333333333355555533333333333333333333333
4444442222222222224422223333355533333333333333333333333333333333333333333333333333333333333333335555555555533333333333333333355
2222222224444444444222233333555553333333333333333333332222222222222222333333333333333333333335555555555555333333333333333335555
4444444444442222222222333333355333333333333333333332222222222222222222222222333333333333333333333333333333333333333333333355555
2222222222222222222222233333333333333333332222222222222222222222222222222222222222233333333333333333333333333333333333333333555
