                                                                                                                               
                                                                                                                               
                                                                                                                               
                                             33333333            33333333                                                      
                                            3333333333222    2223333333333                                                     
                                           333333333333222  222333333333333                                                    
                                           33333333333322222222333333333333                                                    
                                            3333333332222222222233333333332                                                    
                                             3333322222222222222233333333222                                                   
                                              1122222222221111222222222222222                                                  
                                            1122222222222221111111112222221111                                                 
                                          1111122222221111111111111111111111111                                                
                                        1111111122211111111111111111111111221111                                               
                                     1111111111111111111111111111111111112222114                                               
                                    111111111111100000000111111111111111112221144                                              
                                         00000000000000000000000001111111111114422  1111      1111                             
                                          000000000000000000000000011111111144422222211111 111111111             222222        
                                           00000000000000000000000000000014442222222211111111111111111        22222222222      
                                             0000000000000000000000000044444111122222222111111111111111    2222222222222222    
                                              0000000000000000000044444440111111122222222222111111111111 2222222222222222222   
                                           1111444400000000044444444400000111111112222222222222111111111222222222222222222222  
                                          11111004444444444444005555444001111111111122222221222221111111222222222222222222222  
                                         111111000000000000000005555000011111111221111222221122222111112222222222222222222222  
                                         111111000000000000000000000000111111112222211112211111111111122222222222222222222222  
                                          1111110000000000000000000000001111112222222211111111112211122222222222222222222222   
                                         111111100000000000000000000000000111111122222222111111222222222222222222222222222     
                                        11111111 0000000000000000000000000000111111122222211111122222111122222222222222        
                                   11111111111    00000000000000000000000000000001111122222211112221111122222222222            
                                1111111111111111    000000000000000000001111110001111111111111111111122222222222222            
                                  111111111111111      00000000000000000000011111111111111111111  222222222     2222222        
                                        111111 11111        00000000011111111111111111111        2222   222222       22222     
                                       111  111                  1111111 11111111               2222        222222             
